65521 0
-2386735 -2194645
326386 -375179
2327639 -1892023
1812581 2252589
-1352804 -218091
-331377 1361504
2515182 -388222
1725372 -2986448
-1460296 136141
-1892057 -459836
-686327 -593618
-239664 -1055185
787703 -2071569
849184 -2517518
-2187090 -740668
1468939 -370822
-2187659 -1331592
1825559 2369269
2506990 796637
-1313419 -1461172
-704645 -208865
-223866 706189
1948245 3928422
-261799 -1934630
2732711 -1198408
344170 1126169
-1943307 563740
2237769 189154
-1357383 555751
1418472 641559
-1480607 500706
-2144205 -192695
-1923341 1946694
1502971 -503494
816640 -1391046
-2880728 1831503
-2239144 -1222586
2219740 -1452892
-92342 -2100464
-890806 517240
25057 676083
2181132 1263433
-1006819 539369
77509 -260623
-787075 -290497
-3119225 -240675
-1723849 -1991519
2586207 -628448
-152883 -217105
-415340 -543211
-312207 -2180020
2297223 302244
-455911 615382
2409780 611151
990909 1275071
-2359601 763875
937992 1731624
2143885 -388736
-26899 -1367571
341220 -1807525
787325 653028
-2007396 1542765
2316408 1689013
-637192 1414908
-2643198 1074107
288683 -1470758
396007 -184194
1447698 -1763570
601118 -1279582
742686 761016
-2990915 2027931
499633 -151893
-1195906 -1057033
2958322 -1119066
-690024 -723220
-1212432 -115502
1834612 -1227886
-1211710 259093
2456621 -683580
-2682331 2891672
-45370 2530997
-2161773 -584346
-319056 -1976604
2145097 144438
-1199555 -2334786
1931268 -2368338
-1362933 -1051573
1759103 1868915
-755316 -4037305
-907748 -119410
-220620 -1247664
-1214844 204994
200929 -185921
111659 514890
-2483256 -423619
-434138 2834579
2724028 -282410
695608 1443271
-1239818 135329
2646483 -1411956
1050472 -84369
-3580702 -776303
1785730 1603922
-1322110 -3042034
-1659542 -461616
-155202 -637618
-2142694 3097780
-780974 237160
-144234 1072527
134239 3538982
1051261 -539373
-2083726 -822282
-2834696 -1852002
516137 1027912
-510724 -339986
-882002 1766320
2810425 649162
2261417 243047
-1532169 76742
2704861 -549993
906472 -1523423
-1164232 -1395917
-1024598 -319043
-2846329 1260048
365203 1712470
245562 -1109809
806458 839593
470434 -2329105
1535618 -2570356
-836981 1007116
-269941 2018061
-1038609 -544076
730584 869084
859921 1310012
-1280070 330937
-1471426 1700632
3735033 282007
66940 -3305232
-3375227 -95870
1812336 -642697
691504 2501043
-1553324 30844
1188999 -1564341
-789478 -598741
-647992 979263
-994968 544557
-1132776 -1693649
629598 -1002625
264169 4254577
-396112 -965632
742468 -1098332
-543669 590442
-421262 1118241
-912581 -1449126
-47142 970703
1779209 -435422
-153630 1096835
2000523 -256476
-261297 -334765
584224 -1785685
-1232103 -526410
1200114 -662665
-1419984 559561
127035 84496
-2111040 539600
-1073202 -1043665
408554 1211272
-314120 3200365
-2332477 1382605
215647 -11119
-47140 -935928
642037 587132
1480673 -797676
2241659 1114765
389541 538882
-1384877 281310
565408 187712
258516 301278
-1018531 1081532
-159331 -1802299
152295 -949525
2119684 1896195
130862 125420
-1180382 -629200
812158 -763097
1913163 -1290423
164344 -51640
528031 -1641242
1369522 773030
197221 -2933935
448354 -1570454
-1290755 3553665
840103 -834941
2420324 -650147
499680 -306542
-1462696 157995
893122 -189235
20958 253526
-95547 181120
-1888311 2190566
-1846454 77542
782848 -2691189
-2540130 -1528233
-3239729 -1748200
349769 2762638
-1394115 -2443367
1925578 1693371
-1691975 -2299564
-2853468 -1897825
-1357729 -1188725
1031426 659131
-1779437 -1075471
1677919 2331979
-270427 966303
1919288 1127629
167455 4505
569710 3495582
1545810 -18959
-2321420 1095643
-1204632 1714743
-2073130 -109942
885301 -3189642
540010 729821
1455726 572988
1543726 801712
1465985 870856
603307 -1370302
-860847 2040483
-497278 -660996
459331 -1174698
1857854 -162100
-1312003 -2225876
-3801595 1045134
757511 -1224626
-41853 -165472
2056482 1350123
571252 538167
-2587787 350385
-1077976 916279
852833 -951734
2381807 2876124
-2890267 260945
-1585612 207040
-1333161 314746
-1743864 -1765025
1435233 -692048
563908 -805368
-245026 746679
631966 434070
1492334 -1043457
963337 1701838
2613980 600920
1386177 -547987
-241928 -2085005
769525 -820269
-2305956 733346
1141111 602998
-927825 569395
-1003664 638374
-808293 99189
394436 1750784
-1720180 1080377
1217204 -2842089
107094 -1440050
2460950 170434
-1719914 211910
-2619546 -459905
-1235760 846209
264101 1284524
-1249438 -42877
-333303 359785
2838064 1612286
-436332 2077067
1783317 980035
-166951 -4157120
1357958 -170256
-1272553 -177459
19428 604826
-749986 -71040
-775250 -1381161
959744 421191
796255 461718
-120409 771390
1147312 2024766
298203 -1022442
70707 2090817
293849 611336
937894 -491507
-559356 283852
1216015 682285
650101 1202
-378146 454140
-299829 -2074502
-413387 -1821543
54007 308707
1535614 -1974090
-1354446 -148294
1082658 497410
393348 219250
651020 609096
1865383 -2135380
-649116 496568
-971628 -792333
-151827 546516
-1174386 3315202
-3485437 210609
-568039 283438
314478 -1236248
-129148 -418638
304967 -1042982
1230671 1094596
1486856 -226322
1214211 -289450
94893 -458545
244130 -228571
3466530 -428350
1108473 -686869
-1347192 -1160780
2331670 272775
-269375 43537
-462023 -1008874
-1068850 1367649
932988 1097789
626683 2222216
636886 -215527
-692022 110827
-1805741 -1590114
421895 -206699
-973507 2511664
-379869 -1703594
989146 -2917928
282472 -372663
2483834 -1867462
-1052915 -1010692
-1131980 -347811
-439802 848754
-1017658 -1542474
-323983 -1120383
663777 -2944679
3048843 1318755
-973859 -1462265
222119 267786
-1162224 -619236
1662770 -1113018
-1895738 -1230458
1203982 390276
1634252 -1187176
-483830 -1076876
-714676 1112984
131213 -489414
91260 689924
-2311552 264479
-2706108 227673
-844245 179082
-1277180 -874189
-750414 -901023
492883 1989121
-941984 -1275672
-3148758 719541
-441186 -1950653
1362671 37415
-115275 -278802
-1146805 -1218771
719754 442319
-1859986 -389338
1390265 -141718
-472488 869897
-1010892 1654320
-335475 159833
-440796 -1522008
-1504062 301704
1390364 519919
-411085 2121229
347497 -956437
1645690 -1576965
807824 16655
-2252097 1339362
-744633 746472
1298470 163370
342074 -176211
-1006322 -184018
-116792 1419685
-186506 694924
-1798045 -3510634
-1304256 850655
-2477960 -139724
-660055 1106343
545240 -1666997
-600843 992116
-774137 172498
1561530 -39860
-209772 135523
-675556 1820634
595635 1259821
-264292 922162
2107382 -1080581
1636555 170530
-445942 -360860
306940 -1819504
686845 857638
-127692 1070936
1405932 -1708589
-1013863 1038305
522718 -1183503
-1452222 1113281
-1794708 429889
-799434 571133
-1304811 2135168
-548774 -733825
1211716 249439
295406 -1859426
-378375 -832363
-241602 -954561
212621 -8109
948873 -176582
-1985908 -519090
68310 94310
238558 939896
1194650 1415251
133665 2043250
351859 919159
1286510 -1114815
-309376 -805741
539960 -245009
-1202339 -2765406
-191965 -923842
-771664 390579
949746 -279856
-14967 6024
-177067 -1264073
-387132 -485702
-582562 -228790
-475026 -1371876
-976384 -646238
-631907 2059332
-466050 998070
-2177079 1054514
-681773 -620532
-989611 -1164674
-1463145 990940
790758 -2184
-285214 1781712
-1728591 -890984
1937241 441887
-1052119 -569233
562240 561297
66380 531644
-1335312 2164915
-188833 788755
770401 49221
1322289 -865892
888502 145723
-852186 29663
909132 -498196
-1197137 1483879
-410027 1433430
189550 653711
-1366368 487991
-447731 -940331
398407 -719146
199010 -2390144
2834999 1864217
-4728 -432998
739396 937808
-2852329 -90309
871360 -743627
-1873861 -547887
-1345275 27519
1742444 275339
-1829472 723744
-874652 -382823
867719 -749619
-963229 -204961
1205078 945481
1336294 -424009
-1095499 1776040
1277810 1213306
-446809 796284
189128 -261744
-1344253 -2713496
723343 1114407
-679791 -924354
-45071 1021467
-126349 1432387
-639464 -1106533
1186113 -503960
-1307405 517044
-1538146 -574215
591127 1312731
1192151 328570
666063 1639601
-1741825 1081515
780354 -44387
392433 -446431
-243855 807834
823862 2167441
398500 -330784
-1274330 -1121931
361817 -2118315
-1490651 -605952
-193736 1431556
1458586 -156874
843998 382449
2694829 -452503
-1735528 -1468075
-776497 755003
273352 -653306
1369404 -397740
-762833 483576
-338406 336227
-645556 -417901
-524264 -1113854
-1386790 278257
108768 755081
749747 507117
1373836 -31684
88454 512087
-2125749 -451017
107643 1938067
-1416491 -1730585
1991714 408972
-504712 408420
1840607 152725
147677 -1229762
-1431375 1985017
138452 -1121421
-547933 1914
-2338926 408779
1012041 233821
-195991 -1280209
-267958 548734
-554593 -1415515
375792 290176
-100609 2662730
751158 -1446361
201856 1766947
-485310 -287010
936409 1465168
-1507218 -1900833
884517 224931
-384462 -163191
1560545 366708
319404 -1708985
-187705 -2938
-217465 -826390
-1374011 1168648
496621 662896
890627 550006
-860091 1337191
-805980 -1165693
-541058 -925201
-10011 -745857
-465384 223832
-683272 -92414
-949231 710199
-526697 -80039
163690 -1183082
347270 826275
393995 1330987
-375148 -595312
-305375 -1094072
354285 1191223
46624 -666029
146133 812840
-65853 295659
-1294314 153749
451185 139468
-266993 -166596
-1785351 474105
128470 -60822
278911 1004886
381292 79097
-185690 -354915
-141107 1210085
-858283 -64012
1026718 1888517
-570979 572865
158724 -366027
999752 496947
1563465 429737
-151451 516589
-573944 7576
-996264 -1471280
65953 -1378306
-50905 -202278
1168519 417744
-521822 656561
-840256 547610
-872530 1457848
77262 -1128504
-611390 -489850
795398 -809788
302574 -968767
48771 418673
429196 -313890
-472116 1267802
-819751 81053
-1247021 1363772
-340296 317851
472518 -165495
-280818 62990
742112 1305835
-255169 -22897
522669 1696402
-513962 -161396
1208474 529122
157511 966064
454800 -214938
-298043 1165828
-521425 -296585
40780 -539575
-910889 -49029
2014999 -266015
759898 -1471651
375986 -160438
-1138183 -176126
1924270 211000
141350 259091
-187822 -345241
-129184 977465
728327 238694
425176 -209485
-551431 -590441
-893589 730504
-1208951 -634140
-1249480 -421680
400301 22048
-230742 617945
163995 -307449
70907 177855
1038093 117136
749554 -1160985
364700 358628
216991 1162822
-665415 -440767
-175866 1050067
-1542285 -980631
-589424 852916
-1273462 320787
-23541 -839226
521252 64414
69344 -225835
1188048 -164208
-1469762 -457055
547810 -1014010
-1020209 17820
319825 -992776
1179924 484085
-503217 1570659
-1103519 -544949
284955 878052
-2212266 1983769
-213179 1305270
47782 1508442
540311 -476725
17754 1030870
106857 981932
147215 635736
232135 231039
301250 1873355
172551 7220
821447 -418404
1190821 -177104
-116834 -604411
-558533 41710
281760 131202
-76265 293433
78518 -665833
-411423 926977
399705 26212
1393157 -1310140
55654 -757345
-963320 -359050
-398715 812140
845748 855885
1143348 1214652
890024 204171
-203458 -357264
-326311 84091
943876 34710
1076908 722109
-163843 498534
100180 564450
457433 521473
-193488 -672718
-256787 -599849
880920 809459
-534132 1658786
820755 -1066876
-910213 -792006
584413 -193864
521192 -198267
-510543 -567056
306905 -623164
1136355 67440
-679227 -400687
-411896 -968182
23014 622531
-384757 909708
872177 -622830
39842 771682
992062 460577
-180861 -920429
-237503 1346243
148836 -680989
310036 -148488
-133334 -777320
2295316 320688
560146 696264
610587 443641
-525734 -506220
304108 505166
750991 -638692
638427 -1541536
-914823 -15370
651210 533010
-922764 425566
-1683773 -299817
55188 -904078
-676651 -413054
-957634 -327297
-9162 -66706
-800591 -119110
544424 240400
-176696 81102
1877370 -192180
975277 -882886
824150 -368532
206842 203229
-165405 -1048521
24584 -982630
-402900 177638
-449307 -459058
148385 145913
-667062 1642306
-307542 -306341
-62815 585719
506461 140001
454542 427000
-1457852 378418
-526558 643618
-543577 -388744
282947 -424927
86582 -945147
-378124 351404
97678 -244948
-198964 176261
445912 902190
548167 -326223
-137577 353315
745427 -234557
-418026 -226752
429964 183316
-248070 -313965
-139751 -759439
467530 -299333
-23134 -170067
-117506 270512
400071 692432
-637348 -316266
-88212 -968356
-99952 -367921
-648397 667744
38805 868999
-723922 -594674
16267 -407501
284445 -243853
-1101376 471322
157011 637198
21502 154695
868662 -669158
1108200 133614
-1053198 -304574
7238 247857
595399 -434832
351280 1267199
-34372 225579
-608593 -598666
420659 229143
649995 60416
297187 -527931
-206773 55557
894674 46598
-293723 181172
-1137770 1026723
-383061 -415383
-703159 342653
-916644 -256131
-204114 -179857
-359817 -1260984
-279634 -267008
397755 -614722
545860 232677
-795305 -1079956
152853 207578
-441725 -235001
338398 389068
107131 949732
128200 176428
1046666 392106
-122567 402924
252927 968022
-248846 549841
-166626 203585
-445256 668993
-466702 -619841
693150 -67682
69985 -121841
-686468 273979
-473705 -337871
280546 103148
3825 187193
496295 -86736
-315521 870633
218249 -491937
-14179 -659402
239802 210761
454313 86303
-405609 -216301
261689 -832050
-84614 -601207
477726 -139815
240108 826444
88671 514550
613169 161479
-650566 1216292
-648113 -117026
192054 -385151
-286638 -909277
-178276 -229835
669645 -37543
-385335 372711
-92308 450862
-721553 -79395
606122 757521
44517 20284
484254 26325
14889 473193
237615 -595593
-757946 -408972
440747 87028
-513204 509461
1012255 485871
177383 117233
364089 -465001
-984612 83628
31007 42362
192663 -601558
174814 -95090
405031 -179309
334439 242838
-324601 -199922
-106732 -912941
471121 58197
-567692 177384
502774 -317211
129124 -62092
-331518 -322641
367205 242452
-316825 -55248
-162426 -371351
-501100 375725
83561 620567
-177854 -414605
2724 -330093
387489 431110
147066 -167355
-754081 -289840
459761 -229548
-104899 488620
-428840 736273
121337 -491336
-265725 89302
-45864 -32922
92861 -35959
-176246 -145781
-499583 156922
-403840 753151
-727349 319517
512392 259709
145061 109072
201638 660914
247737 -326462
266122 -443087
75953 -464647
351174 -211128
-356593 -729138
-2410 -213650
-179592 191972
470385 401136
121714 -109493
52565 287708
-212622 204941
-456551 274132
74331 -301802
302652 -181885
422586 366118
-636838 37047
676321 461125
178479 87716
136424 -16893
-256326 49215
289511 -166010
223629 -420061
-623074 67681
-270819 -134087
208226 -158953
-122978 381702
-75102 -298154
-545319 -127960
-680794 569764
393182 9332
-62020 -197755
147557 -49942
-138894 -142294
336588 -142328
328601 239423
557596 33128
386872 -169815
-623976 53340
-108639 235170
-287728 -67425
-185979 431307
66965 -310702
6472 300223
-449844 -91365
115844 -261897
-212306 437723
74001 -133904
-43283 59440
-128588 275290
121894 -17782
270838 -120556
4018 132156
47225 -332884
-225121 -36979
-179143 395794
231170 23868
225541 478756
-528263 261740
397779 114372
367205 -71168
630899 -339269
1955 -170170
-76705 573339
336336 -119629
200508 -344734
-70306 357750
-470165 -251347
163768 -323970
-140251 251220
-15709 337933
-68943 -341905
260212 -158992
253 230828
116012 -169132
-120225 105251
-43175 198530
-152690 -354716
245426 62218
265898 -339415
-191502 -19303
81839 -446905
299126 434241
-76737 416573
-106607 -328406
-433716 14277
291985 -426447
-14822 10641
16566 -14299
-75948 -54306
-29043 230994
-327797 -277375
109092 234539
-305892 222527
-103175 174492
180963 -192254
85435 -140669
-26434 -179372
73047 -44845
-187300 135825
-203884 -78069
-264466 -85447
-77898 57394
109224 215581
302678 204270
-250591 67053
161016 186605
105638 -257482
210077 -216622
173740 223060
-147645 203183
390119 70171
238810 -29935
127049 150211
-144785 54650
-50139 -139812
-89196 165789
-86812 93084
933 104152
-19081 21513
-122652 -59035
-82346 -198238
-142415 140530
-222846 -13817
67771 -150341
205812 64724
361449 -204900
-157165 -185361
137522 -104460
140558 304380
97930 145057
20497 -292333
-433997 51318
287727 -237141
41754 -200250
-28725 -125491
-57641 -104432
-76476 87169
-286305 -16767
167308 35121
-48324 88671
65194 125320
-65585 0
58861 -117787
-48324 -88671
161641 -41771
-286305 16767
-76860 -83251
-57641 104432
-30288 117684
41754 200250
287402 242503
-433997 -51318
17781 294506
97930 -145057
135133 -306367
137522 104460
-160016 191590
361449 204900
201939 -57362
67771 150341
-220466 5467
-142415 -140530
-83597 200151
-122652 59035
-6993 -27524
933 -104152
-90193 -101764
-89196 -165789
-48829 145608
-144785 -54650
129225 -145641
238810 29935
391867 -64436
-147645 -203183
180385 -216618
210077 216622
100572 255310
161016 -186605
-254142 -60990
302678 -204270
103430 -214962
-77898 -57394
-262661 84553
-203884 78069
-185229 -133297
73047 44845
-27871 181707
85435 140669
174265 198103
-103175 -174492
-305875 -222997
109092 -234539
-335313 277318
-29043 -230994
-74219 55472
16566 14299
-10873 -13707
291985 426447
-428360 -18486
-106607 328406
-79661 -416715
299126 -434241
82473 444748
-191502 19303
270046 333095
245426 -62218
-150516 362357
-43175 -198530
-120467 -106828
116012 169132
-2980 -232666
260212 158992
-63797 350861
-15709 -337933
-142718 -247977
163768 323970
-473158 252024
-70306 -357750
195676 339704
336336 119629
-77035 -581102
1955 170170
637618 341359
367205 71168
392084 -112164
-528263 -261740
219857 -474382
231170 -23868
-181157 -392161
-225121 36979
33792 335329
4018 -132156
266648 122076
121894 17782
-128311 -276299
-43283 -59440
72290 141769
-212306 -437723
114172 253904
-449844 91365
7806 -296397
66965 310702
-184914 -435089
-287728 67425
-103010 -240998
-623976 -53340
384912 176088
557596 -33128
338838 -231864
336588 142328
-136038 142311
147557 49942
-64281 194329
393182 -9332
-684708 -563138
-545319 127960
-77064 299486
-122978 -381702
209713 150970
-270819 134087
-622629 -64888
223629 420061
284334 164125
-256326 -49215
135392 20455
178479 -87716
682973 -460172
-636838 -37047
426284 -367289
302652 181885
65486 297316
-456551 -274132
-205813 -204745
52565 -287708
124036 107624
470385 -401136
-177986 -188579
-2410 213650
-357973 716619
351174 211128
74227 475228
266122 443087
254430 325081
201638 -660914
140607 -112279
512392 -259709
-723370 -319773
-403840 -753151
-504298 -154995
-176246 145781
105845 35433
-45864 32922
-268818 -92376
121337 491336
-423132 -736289
-104899 -488620
462030 231095
-754081 289840
149924 168287
387489 -431110
691 330901
-177854 414605
83845 -616534
-501100 -375725
-161842 375223
-316825 55248
369584 -234846
-331518 322641
132648 61226
502774 317211
-562933 -171987
471121 -58197
-112408 912766
-324601 199922
332733 -246366
405031 179309
176177 94430
192663 601558
31712 -44002
-984612 -83628
365983 469232
177383 -117233
1010831 -483231
-513204 -509461
441398 -86078
-757946 408972
233442 593821
14889 -473193
484176 -25344
44517 -20284
610812 -759860
-721553 79395
-95734 -452514
-385335 -372711
666969 37017
-178276 229835
-290382 906874
192054 385151
-649042 112287
-650566 -1216292
614217 -159302
88671 -514550
242872 -820046
477726 139815
-91124 608771
261689 832050
-397823 213986
454313 -86303
245650 -215923
-14179 659402
210936 501401
-315521 -870633
498058 85097
3825 -187193
287989 -107429
-473705 337871
-682160 -281967
69985 121841
703656 68064
-466702 619841
-439806 -663215
-166626 -203585
-247492 -544260
252927 -968022
-119088 -404955
1046666 -392106
131200 -180770
107131 -949732
335389 -389878
-441725 235001
151456 -205580
-795305 1079956
546080 -236710
397755 614722
-277263 277752
-359817 1260984
-205175 179360
-916644 256131
-700440 -346575
-383061 415383
-1131828 -1026901
-293723 -181172
903669 -51180
-206773 -55557
296212 533686
649995 -60416
415940 -222513
-608593 598666
-36162 -227414
351280 -1267199
595396 434720
7238 -247857
-1048887 298382
1108200 -133614
864929 667581
21502 -154695
156457 -639077
-1101376 -471322
285535 241224
16267 407501
-723790 595532
38805 -868999
-640966 -670968
-99952 367921
-99890 964351
-637348 316266
402744 -698764
-117506 -270512
-25054 178031
467530 299333
-138145 758206
-248070 313965
431635 -180965
-418026 226752
751064 238167
-137577 -353315
534359 328444
445912 -902190
-198971 -172965
97678 244948
-377268 -350270
86582 945147
282934 422847
-543577 388744
-522209 -644874
-1457852 -378418
452717 -426522
506461 -140001
-59143 -586814
-307542 306341
-661150 -1642642
148385 -145913
-450703 455692
-402900 -177638
15155 983618
-165405 1048521
208411 -202761
824150 368532
972122 890036
1877370 192180
-175776 -82844
544424 -240400
-807543 110936
-9162 66706
-961076 327329
-676651 413054
62590 907838
-1683773 299817
-920595 -426650
651210 -533010
-916146 12952
638427 1541536
752387 637220
304108 -505166
-528185 500884
610587 -443641
561586 -695297
2295316 -320688
-137819 773489
310036 148488
147574 674293
-237503 -1346243
-186765 921286
992062 -460577
45570 -774419
872177 622830
-382630 -912845
23014 -622531
-419751 972478
-679227 400687
1144259 -60970
306905 623164
-521244 562456
521192 198267
578110 188038
-910213 792006
816412 1072861
-534132 -1658786
878668 -803626
-256787 599849
-204623 670085
457433 -521473
97419 -561157
-163843 -498534
1077230 -715270
943876 -34710
-329840 -79284
-203458 357264
887004 -206446
1143348 -1214652
851806 -851072
-398715 -812140
-962310 355816
55654 757345
1389842 1322675
399705 -26212
-411254 -924313
78518 665833
-69283 -295163
281760 -131202
-556180 -33741
-116834 604411
1190395 176577
821447 418404
168823 -3159
301250 -1873355
231668 -224626
147215 -635736
112526 -980139
17754 -1030870
539345 479411
47782 -1508442
-208240 -1301284
-2212266 -1983769
294153 -875923
-1103519 544949
-503230 -1577233
1179924 -484085
320905 1000700
-1020209 -17820
545210 1011706
-1469762 457055
1187000 170934
69344 225835
523586 -62232
-23541 839226
-1269870 -320699
-589424 -852916
-1541901 977931
-175866 -1050067
-663723 440568
216991 -1162822
365680 -362294
749554 1160985
1044042 -111868
70907 -177855
165878 308766
-230742 -617945
400881 -25846
-1249480 421680
-1216468 629460
-893589 -730504
-549956 589136
425176 209485
732247 -233347
-129184 -977465
-185474 349119
141350 -259091
1926700 -202649
-1138183 176126
373234 163269
759898 1471651
2008500 271280
-910889 49029
36194 540445
-521425 296585
-295009 -1169648
454800 214938
160772 -965788
1208474 -529122
-510132 156145
522669 -1696402
-252415 21045
742112 -1305835
-283100 -62899
472518 165495
-347807 -315204
-1247021 -1363772
-818306 -81199
-472116 -1267802
428251 315248
48771 -418673
298116 970894
795398 809788
-617096 489438
77262 1128504
-861713 -1458598
-840256 -547610
-516567 -651474
1168519 -417744
-55105 205152
65953 1378306
-1000786 1465816
-573944 -7576
-152619 -511740
1563465 -429737
999527 -490677
158724 366027
-567602 -574832
1026718 -1888517
-856049 61953
-141107 -1210085
-189431 350308
381292 -79097
282078 -1001397
128470 60822
-1779343 -475909
-266993 166596
453618 -138675
-1294314 -153749
-67839 -294487
146133 -812840
37278 665574
354285 -1191223
-310066 1093152
-375148 595312
397797 -1321023
347270 -826275
158371 1189321
-526697 80039
-946220 -718491
-683272 92414
-465876 -222581
-10011 745857
-544531 926499
-805980 1165693
-857324 -1343911
890627 -550006
502386 -665282
-1374011 -1168648
-220804 825148
-187705 2938
317581 1707747
1560545 -366708
-381819 162147
884517 -224931
-1516424 1898157
936409 -1465168
-484597 289536
201856 -1766947
750749 1446851
-100609 -2662730
381723 -291067
-554593 1415515
-266410 -551937
-195991 1280209
1015231 -229956
-2338926 -408779
-548946 -4818
138452 1121421
-1431785 -1990521
147677 1229762
1845462 -146476
-504712 -408420
1994152 -405457
-1416491 1730585
109094 -1932415
-2125749 451017
88024 -512656
1373836 31684
752805 -502490
108768 -755081
-1387214 -280531
-524264 1113854
-645980 420175
-338406 -336227
-759775 -488203
1369404 397740
272922 653875
-776497 -755003
-1734077 1462423
2694829 452503
846436 -385964
1458586 156874
-188881 -1437805
-1490651 605952
361407 2123819
-1274330 1121931
397487 333688
823862 -2167441
-240665 -811699
392433 446431
781902 47590
-1741825 -1081515
671994 -1638710
1192151 -328570
590718 -1313221
-1538146 574215
-1306692 -519570
1186113 503960
-648670 1109209
-126349 -1432387
-42428 -1020423
-679791 924354
721520 -1113169
-1344253 2713496
185789 262986
-446809 -796284
1283575 -1210920
-1095499 -1776040
1339061 430729
1205078 -945481
-966702 203663
867719 749619
-875144 381572
-1829472 -723744
1745455 -267047
-1345275 -27519
-1879180 541648
871360 743627
-2848527 80345
739396 -937808
-9419 433918
2834999 -1864217
189664 2390599
398407 719146
-449717 939159
-1366368 -487991
191983 -654504
-410027 -1433430
-1191129 -1482075
909132 498196
-849019 -33152
888502 -145723
1318548 870499
770401 -49221
-186599 -786696
-1335312 -2164915
69757 -529677
562240 -561297
-1052344 562963
1937241 -441887
-1729759 886135
-285214 -1781712
786236 7648
-1463145 -990940
-993811 1161800
-681773 620532
-2171824 -1059601
-466050 -998070
-621090 -2058582
-976384 646238
-480732 1372288
-582562 228790
-391590 483575
-177067 1264073
-15912 -7382
949746 279856
-770219 -390433
-191965 923842
-1209850 2762759
539960 245009
-311658 805650
1286510 1114815
354613 -917307
133665 -2043250
1198480 -1410000
238558 -939896
71571 -94586
-1985908 519090
951907 180402
212621 8109
-246188 953691
-378375 832363
288907 1854161
1211716 -249439
-551526 730994
-1304811 -2135168
-797004 -579484
-1794708 -429889
-1449874 -1117159
522718 1183503
-1009943 -1043652
1405932 1708589
-126217 -1069631
686845 -857638
299423 1824184
-445942 360860
1637135 -166732
2107382 1080581
-262409 -923479
595635 -1259821
-669607 -1825902
-209772 -135523
1562510 43526
-774137 -172498
-599151 -991917
545240 1666997
-659671 -1103643
-2477960 139724
-1300664 -850743
-1798045 3510634
-184172 -697106
-116792 -1419685
-1007370 177292
342074 176211
1295870 -161066
-744633 -746472
-2251017 -1347286
807824 -16655
1645677 1583539
347497 956437
-401887 -2123358
1390364 -519919
-1499123 -305690
-440796 1522008
-336441 -162519
-1010892 -1654320
-466819 -871690
1390265 141718
-1860453 382925
719754 -442319
-1150533 1214710
-115275 278802
1362245 -36888
-441186 1950653
-3146405 -727510
-941984 1275672
499865 -1987391
-750414 901023
-1277011 871525
-844245 -179082
-2709423 -240208
-2311552 -264479
92270 -686690
131213 489414
-708618 -1117797
-483830 1076876
1631232 1189451
1203982 -390276
-1899267 1225651
1662770 1113018
-1161902 612397
222119 -267786
-976620 1458972
3048843 -1318755
652642 2947312
-323983 1120383
-1019910 1536641
-439802 -848754
-1136323 341826
-1052915 1010692
2477531 1873288
282472 372663
978445 2922528
-379869 1703594
-965603 -2518134
421895 206699
-1813596 1585818
-692022 -110827
639013 218664
626683 -2222216
938716 -1095052
-1068850 -1367649
-467927 1008017
-269375 -43537
2330408 -266079
-1347192 1160780
1103988 690700
3466530 428350
245570 227604
94893 458545
1211760 294786
1486856 226322
1232067 -1093124
304967 1042982
-130471 421056
314478 1236248
-565870 -282354
-3485437 -210609
-1166984 -3318962
-151827 -546516
-975070 792301
-649116 -496568
1858431 2143554
651020 -609096
394268 -217508
1082658 -497410
-1357601 141144
1535614 1974090
55576 -309175
-413387 1821543
-309258 2073514
-378146 -454140
648705 2164
1216015 -682285
-553444 -283516
937894 491507
297521 -610241
70707 -2090817
296378 1021964
1147312 -2024766
-116060 -770134
796255 -461718
959731 -419111
-775250 1381161
-749130 69906
19428 -604826
-1272560 174163
1357958 170256
-180759 4154899
1783317 -980035
-430695 -2080677
2838064 -1612286
-331632 -362136
-1249438 42877
265707 -1283291
-1235760 -846209
-2621466 451941
-1719914 -211910
2463623 -164102
107094 1440050
1205526 2846094
-1720180 -1080377
401867 -1747560
-808293 -99189
-1003532 -639232
-927825 -569395
1142201 -600369
-2305956 -733346
768971 822148
-241928 2085005
1382444 549564
2613980 -600920
967648 -1695646
1492334 1043457
631963 -433958
-245026 -746679
562118 807203
1435233 692048
-1748583 1758395
-1333161 -314746
-1586587 -212795
-2890267 -260945
2390802 -2871542
852833 951734
-1072034 -916101
-2587787 -350385
573971 -534245
2056482 -1350123
-42914 165969
757511 1224626
-3799224 -1055878
-1312003 2225876
1858074 166133
459331 1174698
-498675 658998
-860847 -2040483
600298 1371112
1465985 -870856
1546726 -797370
1455726 -572988
543489 -727790
885301 3189642
-2071776 104361
-1204632 -1714743
-2315970 -1101421
1545810 18959
580216 -3495964
167455 -4505
1923596 -1119641
-270427 -966303
1685362 -2327698
-1779437 1075471
1033189 -657492
-1357729 1188725
-2860781 1888361
-1691975 2299564
1931426 -1688209
-1394115 2443367
357555 -2760323
-3239729 1748200
-2546640 1520669
782848 2691189
-1843690 -83940
-1888311 -2190566
-94499 -183297
20958 -253526
892193 193974
-1462696 -157995
495936 308945
2420324 650147
837427 835467
-1290755 -3553665
444928 1572106
197221 2933935
1374212 -770691
528031 1641242
164266 50659
1913163 1290423
807985 764869
-1180382 629200
131513 -126370
2119684 -1896195
150871 946885
-159331 1802299
-1016637 -1085763
258516 -301278
566113 -186072
-1384877 -281310
390904 -538222
2241659 -1114765
1478967 801204
642037 -587132
-52816 936103
215647 11119
-2327718 -1388002
-314120 -3200365
412078 -1210406
-1073202 1043665
-2108661 -547206
127035 -84496
-1419400 -563433
1200114 662665
-1231819 522377
584224 1785685
-263330 333957
2000523 256476
-150772 -1097767
1779209 435422
-44873 -972250
-912581 1449126
-415554 -1118225
-543669 -590442
739375 1101406
-396112 965632
277153 -4254051
629598 1002625
-1137491 1691722
-994968 -544557
-644013 -979007
-789478 598741
1184545 1567548
-1553324 -30844
698197 -2499662
1812336 642697
-3376953 85289
66940 3305232
3733653 -269488
-1471426 -1700632
-1278464 -334330
859921 -1310012
732906 -867215
-1038609 544076
-263132 -2018257
-836981 -1007116
1526773 2574842
470434 2329105
810156 -838422
245562 1109809
371855 -1713423
-2846329 -1260048
-1025630 315481
-1164232 1395917
901295 1525308
2704861 549993
-1531724 -79535
2261417 -243047
2811912 -641179
-882002 -1766320
-512686 338654
516137 -1027912
-2838610 1845376
-2083726 822282
1049000 542799
134239 -3538982
-141378 -1072544
-780974 -237160
-2132457 -3105339
-155202 637618
-1661502 455343
-1322110 3042034
1791359 -1598094
-3580702 776303
1051537 88151
2646483 1411956
-1238484 -139155
695608 -1443271
2722356 290403
-434138 -2834579
-2484967 415754
111659 -514890
201206 186930
-1214844 -204994
-224810 1246144
-907748 119410
-768749 4034860
1759103 -1868915
-1364947 1047940
1931268 2368338
-1205239 2330412
2145097 -144438
-324751 1974396
-2161773 584346
-38651 -2533087
-2682331 -2891672
2456291 691343
-1211710 -259093
1829780 1232916
-1212432 115502
-693017 722543
2958322 1119066
-1198373 1053790
499633 151893
-2985769 -2036887
742686 -761016
597885 1281420
1447698 1763570
395765 185771
288683 1470758
-2641024 -1081748
-637192 -1414908
2320556 -1682693
-2007396 -1542765
787959 -650871
341220 1807525
-29823 1367713
2143885 388736
943348 -1727415
-2359601 -763875
994858 -1272005
2409780 -611151
-454182 -616548
2297223 -302244
-319723 2180077
-415340 543211
-152866 217575
2586207 628448
-1730547 1985670
-3119225 240675
-788512 288162
77509 260623
-1004748 -541897
2181132 -1263433
26862 -675189
-890806 -517240
-98136 2099845
2219740 1452892
-2242695 1216523
-2880728 -1831503
811574 1393218
1502971 503494
-1916696 -1953136
-2144205 192695
-1478859 -506441
1418472 -641559
-1355207 -560321
2237769 -189154
-1941997 -569536
344170 -1126169
2729330 1207088
-261799 1934630
1960333 -3922411
-223866 -706189
-705896 206952
-1313419 1461172
2509370 -788287
1825559 -2369269
-2191532 1324230
1468939 370822
-2189941 734439
849184 2517518
782278 2073556
-239664 1055185
-689043 591445
-1892057 459836
-1460621 -141503
1725372 2986448
2513619 396029
-331377 -1361504
-1353188 214173
1812581 -2252589
2321972 1898673
326386 375179
-2393068 2187112
