28
1 11000 42 20 120 24000 140 16384 20 10 1 1 1 14
1 11000 42 20 120 24000 140 16384 20 14 1 1 1 18
1 11000 42 20 120 24000 140 16384 20 18 2 1 1 22
2 11000 42 20 120 24000 140 16384 20 22 2 1 1 26
2 11000 42 20 120 24000 140 16384 20 26 2 1 1 30
2 11000 42 20 120 24000 140 16384 20 30 2 1 1 34
2 11000 42 20 120 24000 140 16384 20 34 2 1 1 38
2 11000 42 20 120 24000 140 16384 20 38 2 1 1 42
2 9500 36 20 2200 19000 1200 16384 20 42 2 1 1 46
2 9500 36 20 2200 19000 1200 16384 20 46 2 1 1 50
2 9500 36 20 2200 19000 1200 16384 20 50 2 1 1 54
2 9500 36 20 2200 19000 1200 16384 20 54 2 1 1 58
2 9500 36 20 2200 19000 1200 16384 20 58 2 1 1 62
2 9500 36 20 2200 19000 1200 16384 20 62 2 1 1 66
2 9500 36 20 2200 19000 1200 16384 20 66 2 1 1 70
2 9500 36 20 2200 19000 1200 16384 20 70 2 1 1 74
2 9500 36 20 2200 19000 1200 16384 20 74 2 1 1 78
2 9500 36 20 2200 19000 1200 16384 20 78 2 1 1 82
2 1200 5 20 25000 1000 18000 16384 20 82 2 1 0 74
2 1200 5 20 25000 1000 18000 16384 20 74 2 1 0 66
2 1200 5 20 25000 1000 18000 16384 20 66 2 1 0 58
2 1200 5 20 25000 1000 18000 16384 20 58 2 1 0 50
2 1200 5 20 25000 1000 18000 16384 20 50 2 1 0 42
2 1200 5 20 25000 1000 18000 16384 20 42 2 1 0 34
2 1200 5 20 25000 1000 18000 16384 20 34 2 1 0 26
2 1200 5 20 25000 1000 18000 16384 20 26 2 1 0 18
2 1200 5 20 25000 1000 18000 16384 20 18 1 0 0 10
1 1200 5 20 25000 1000 18000 16384 20 10 1 0 0 2
