24
85 37 70 28 60 24 1000 300 50 400 1166 589 775 1424 33 17833
91 36 75 27 65 23 1166 589 775 1424 1344 899 1551 2443 32 20803
97 35 80 27 69 22 1344 899 1551 2443 1538 1229 2380 3466 31 22500
101 33 83 25 72 21 1538 1229 2380 3466 1736 1562 3221 4444 30 23750
103 30 84 23 73 19 1736 1562 3221 4444 1932 1879 4032 5327 30 24802
103 26 84 20 73 17 1932 1879 4032 5327 2108 2170 4769 6071 30 25740
101 23 83 17 72 15 2108 2170 4769 6071 2253 2427 5381 6653 30 26503
96 20 79 15 68 13 2253 2427 5381 6653 2361 2627 5810 7023 30 27108
91 17 75 13 65 11 2361 2627 5810 7023 2432 2779 6082 7216 29 27618
85 15 70 11 60 10 2432 2779 6082 7216 2473 2877 6196 7245 29 28023
79 13 65 10 56 8 2473 2877 6196 7245 2483 2932 6181 7141 29 28362
73 13 60 10 52 8 2483 2932 6181 7141 2470 2950 6054 6936 29 28601
69 14 57 11 49 9 2470 2950 6054 6936 2443 2949 5868 6689 29 28746
67 15 55 11 48 10 2443 2949 5868 6689 2412 2939 5668 6443 29 28826
67 18 55 14 48 12 2412 2939 5668 6443 2385 2933 5481 6240 29 28782
70 21 57 16 50 13 2385 2933 5481 6240 2377 2942 5354 6128 29 28629
74 24 61 18 53 15 2377 2942 5354 6128 2385 2979 5298 6119 29 28371
79 28 65 21 56 18 2385 2979 5298 6119 2421 3046 5317 6232 29 27956
85 31 70 24 60 20 2421 3046 5317 6232 2485 3151 5435 6476 29 27500
91 34 75 26 65 22 2485 3151 5435 6476 2575 3298 5646 6846 29 27024
97 36 80 27 69 23 2575 3298 5646 6846 2695 3479 5954 7328 29 26624
101 37 83 28 72 24 2695 3479 5954 7328 2829 3681 6313 7858 29 26325
103 37 84 28 73 24 2829 3681 6313 7858 2971 3880 6678 8373 29 26134
103 36 84 27 73 23 2971 3880 6678 8373 3103 4063 7007 8814 29 26050
