12
1 2800 0 636 8000 12000 8043 13643 13666 13666 6
1 2521 583 1449 8043 13666 8082 13124 17844 17844 8
1 1741 1104 2158 8082 17844 8109 11591 24222 24222 11
1 613 1505 2710 8109 24222 8118 9344 32310 32310 15
1 -636 1744 3066 8118 32310 8109 6837 41487 41487 19
1 -1759 1794 3199 8109 41487 8082 4564 51046 51046 23
2 -2531 1651 3101 8082 51046 8073 6808 51048 51588 24
2 -2800 1330 2778 8073 51048 8063 6663 51049 51484 23
2 -2511 865 2254 8063 51049 8054 6799 51050 51333 23
2 -1722 307 1567 8054 51050 8048 7187 51050 51150 23
2 -590 -284 766 8048 51050 8046 7751 51050 50957 23
2 659 -845 -91 8046 51050 8048 8377 51049 50773 23
